
person(id0)=true,[(720,7200),(24480,26280),(66680,73560),(107360,116960),(149080,150160),(181440,189400),(215360,221400),(248720,254880),(280040,323000),(323040,324280),(362480,370440),(398920,422680),(446200,453240),(486480,495840),(537440,546520),(581040,587320),(622720,639200),(657240,662120),(718920,723040),(751280,752360),(776200,804400),(811120,823960),(824960,841240),(843000,845840),(864160,870160),(886200,888120),(919160,921400),(957520,959480),(989640,995880)]
person(id3)=true,[(27280,33760),(96040,107320),(120720,149040),(159000,181400),(207600,210440),(325120,332040),(509880,523320),(536440,543840),(611400,619760),(717440,718200),(754000,768600),(804200,810160),(814200,823880),(860240,864120),(869240,886160),(887600,889600),(920360,922560),(980200,989600),(997720,inf)]
person(id9)=true,[(918360,919120),(938120,inf)]
person(id5)=true,[(2560,24440),(56480,66640),(323480,330280),(373840,398880),(528240,536400),(566320,581000),(614960,622680),(714840,718200),(756480,764360),(864160,872160),(890760,914560),(924240,938400)]
person(id6)=true,[(613840,622680),(714960,718200),(757520,766320),(849080,861680),(885640,886160),(899680,910240),(932560,943240),(963520,977360)]
person(id1)=true,[(9480,20480),(24480,66640),(79560,83600),(107360,117080),(149080,158240),(189440,215320),(219560,237840),(254400,280000),(332160,362440),(366120,374480),(399720,409080),(446200,465840),(486480,507120),(536440,539160),(585720,632840),(662360,664360),(699720,714800),(723120,751240),(753360,794920),(811480,823080),(824960,839720),(842120,844080),(887160,898360),(919160,931400),(957520,979160),(997000,1006680)]
person(id8)=true,[(775720,776160),(909960,918320),(937280,939600)]
person(id2)=true,[(24480,66640),(83480,96000),(107360,149040),(155880,158960),(206160,209360),(237880,248680),(255680,276040),(362480,365520),(417600,446160),(465400,486440),(498280,509840),(536440,538840),(587720,608800),(664400,699680),(703080,713920),(724960,751240),(751320,756680),(787000,799160),(812640,824920),(841280,842080),(920680,985840),(995160,1006280)]
person(id4)=true,[(1600,24440),(36280,49840),(73600,80240),(189800,189880),(323040,332120),(545960,562000),(613680,616240),(637480,657000),(717840,718200),(755360,759480),(802200,886160),(891720,903320),(923360,948200),(989640,inf)]
person(id7)=true,[(574280,579400),(763400,776160),(842120,864120),(903920,905360),(940000,951320),(971040,981520)]
close(id3,id4,34)=false,[(0,517360),(518040,645520),(648040,648160),(648480,648560),(648640,648680),(651120,717800),(718200,875720),(880720,885120),(886160,999840),(1006840,inf)]
close(id7,id9,34)=false,[(0,939960),(942760,inf)]
close(id1,id6,34)=false,[(0,973760),(977360,inf)]
close(id1,id3,34)=false,[(0,757480),(763440,814160),(817400,inf)]
close(id1,id2,34)=false,[(0,24440),(63080,109680),(110560,486440),(490440,490760),(490880,491000),(491520,492200),(492840,496320),(498080,499160),(500760,707160),(713920,729880),(751240,812600),(814920,1000960),(1006280,inf)]
close(id2,id4,34)=false,[(0,673720),(675040,692440),(694240,755320),(755480,inf)]
close(id0,id2,34)=false,[(0,790880),(793120,812600),(817920,818080),(818960,819120),(819240,819440),(819480,820560),(820600,822640),(822680,823760),(823960,inf)]
close(id5,id7,34)=false,[(0,763360),(764360,inf)]
close(id3,id7,34)=false,[(0,765440),(766880,inf)]
close(id2,id6,34)=false,[(0,936880),(939520,966680),(967640,967920),(968560,968600),(968800,968840),(970240,inf)]
close(id3,id6,34)=false,[(0,717400),(717720,718160),(718200,inf)]
close(id4,id5,34)=false,[(0,2520),(24440,323440),(330280,532360),(533760,717800),(718200,758640),(759480,895400),(895600,895920),(896040,896560),(897200,897320),(898880,928280),(928520,928920),(928960,929360),(929440,929480),(929960,930040),(930160,930280),(931880,inf)]
close(id3,id5,34)=false,[(0,717400),(718200,inf)]
close(id0,id3,34)=false,[(0,814480),(817440,inf)]
close(id4,id6,34)=false,[(0,554600),(556920,717800),(718200,901440),(902760,inf)]
close(id2,id3,34)=false,[(0,207560),(209360,536400),(538840,814160),(816360,816400),(816720,inf)]
close(id6,id7,34)=false,[(0,764080),(766080,854480),(858000,972800),(974080,974320),(974360,inf)]
close(id5,id6,34)=false,[(0,570640),(573440,714920),(718200,757480),(764360,934440),(935760,935840),(935880,inf)]
close(id0,id1,34)=false,[(0,781960),(790680,811440),(816120,816320),(816360,816400),(819880,819920),(820920,821120),(821280,821320),(821400,821440),(822000,822280),(822720,822840),(823040,824920),(835600,inf)]
close(id1,id7,34)=false,[(0,971720),(971840,972600),(973560,inf)]
close(id5,id9,34)=false,[(0,938080),(938400,inf)]
meeting(id1,id2)=true,[(27040,63120),(707560,713960),(730360,751280)]
meeting(id4,id5)=true,[(6840,24480)]
meeting(id2,id6)=true,[(937800,939560)]
meeting(id3,id4)=true,[(1001520,1006880)]
meeting(id0,id1)=true,[(783040,790720),(831760,835640)]
meeting(id1,id6)=true,[(974360,977400)]
activeOrInactivePerson(id0)=true,[(4040,5080),(68880,71080),(110320,111680),(181400,184200),(216480,217640),(287040,294240),(303400,323000),(404080,406720),(411120,422680),(446160,449360),(488720,491480),(537400,543600),(582640,585240),(626320,627800),(629040,629800),(633040,635720),(658600,660280),(718880,719160),(783000,784280),(789240,789960),(794600,797640),(831720,834920),(865600,867400),(921120,921400),(992200,992920)]
activeOrInactivePerson(id3)=true,[(29560,31440),(132240,137560),(144200,146040),(168960,177040),(328160,329240),(611360,612280),(860200,864120),(1001120,1004760)]
activeOrInactivePerson(id9)=true,[(943160,946240)]
activeOrInactivePerson(id5)=true,[(6200,17760),(19040,24440),(384960,396640),(619640,622680),(899720,907640)]
activeOrInactivePerson(id6)=true,[(885600,886160)]
activeOrInactivePerson(id1)=true,[(27000,61280),(152360,154960),(202400,207800),(226440,229920),(259920,268520),(270440,272040),(274600,280000),(341160,353040),(366080,368120),(446160,453880),(458080,465840),(496560,498040),(499400,503240),(662320,663200),(663560,664360),(707400,708440),(729520,732560),(745040,751240),(831440,834360),(887120,888840),(919120,921720),(957480,960920),(968920,979160)]
activeOrInactivePerson(id2)=true,[(27000,66640),(109240,144520),(148120,149040),(272320,273160),(427320,446160),(472920,484160),(498240,503920),(664360,664680),(672120,673760),(675560,679320),(683120,687960),(693320,694840),(707480,708360),(730480,732600),(745040,751240),(920640,957480),(972040,977160),(1001480,1004280)]
activeOrInactivePerson(id4)=true,[(6800,24440),(644480,647120),(649320,650000),(927920,932520),(932680,948200),(991640,995600),(998520,1006840)]
activeOrInactivePerson(id7)=true,[(770400,776160),(843640,845240),(846800,848040)]
moving(id7,id9)=true,[(939960,942760)]
moving(id3,id7)=true,[(765440,766880)]
moving(id1,id2)=true,[(24440,27000),(486440,490440),(490760,490880),(491000,491520),(492200,492840),(496320,496560),(498040,498080),(707160,707400),(708440,713920),(732600,745040),(812600,814920),(1000960,1001480)]
moving(id0,id2)=true,[(790880,793120),(812600,817920),(818080,818960),(819120,819240),(819440,819480),(820560,820600),(822640,822680),(823760,823960)]
moving(id1,id3)=true,[(757480,763440),(814160,817400)]
moving(id2,id3)=true,[(207560,209360),(536400,538840),(814160,816360),(816400,816720)]
moving(id4,id5)=true,[(2520,6200),(323440,330280),(717800,718200),(758640,759480),(895400,895520)]
moving(id2,id4)=true,[(755320,755480)]
moving(id2,id6)=true,[(966680,966840)]
moving(id5,id7)=true,[(763360,764360)]
moving(id3,id5)=true,[(717400,718200)]
moving(id3,id4)=true,[(717800,718200),(885120,886160)]
moving(id4,id6)=true,[(717800,718200)]
moving(id0,id1)=true,[(781960,783000),(784280,789240),(789960,790680),(811440,816120),(816320,816360),(816400,819880),(819920,820920),(821120,821280),(821320,821400),(821440,822000),(822280,822720),(822840,823040),(824920,831440),(834920,835600)]
moving(id3,id6)=true,[(717400,717720),(718160,718200)]
moving(id5,id6)=true,[(714920,718200),(757480,764360)]
moving(id6,id7)=true,[(764080,766080),(854480,854840),(974320,974360)]
moving(id0,id3)=true,[(814480,817440)]
close(id2,id4,25)=true,[(673720,674320),(692840,694240)]
close(id2,id6,25)=true,[(937760,939080),(967120,967440),(968920,969800)]
close(id5,id6,25)=true,[(570920,573440),(714920,718000),(757680,757960),(758040,758440),(758480,760440),(760600,760680),(760840,761120),(761200,764000),(934560,935440)]
close(id6,id7,24)=true,[(764240,765640),(854840,856240),(856280,856520),(857000,857320),(972960,973800)]
close(id3,id4,34)=true,[(517360,518040),(645520,648040),(648160,648480),(648560,648640),(648680,651120),(717800,718200),(875720,880720),(885120,886160),(999840,1006840)]
close(id7,id9,34)=true,[(939960,942760)]
close(id0,id1,24)=true,[(782400,790240),(811440,814160),(818000,818360),(818960,819280),(819320,819360),(824920,834920),(834960,835000)]
close(id5,id7,25)=true,[(763600,764360)]
close(id2,id4,30)=true,[(673720,674880),(692640,694240)]
close(id1,id6,34)=true,[(973760,977360)]
close(id5,id9,25)=true,[(938080,938400)]
close(id2,id3,30)=true,[(207560,209360),(536400,538840),(814160,815920)]
close(id1,id3,34)=true,[(757480,763440),(814160,817400)]
close(id4,id5,30)=true,[(2520,24440),(323440,330280),(532520,533760),(717800,718200),(758800,759480),(896680,896920),(897400,898640),(929640,929880),(930360,931840)]
close(id2,id4,24)=true,[(673720,674200),(692920,694240)]
close(id1,id2,34)=true,[(24440,63080),(109680,110560),(486440,490440),(490760,490880),(491000,491520),(492200,492840),(496320,498080),(499160,500760),(707160,713920),(729880,751240),(812600,814920),(1000960,1006280)]
close(id5,id9,30)=true,[(938080,938400)]
close(id4,id6,30)=true,[(554600,556800),(717800,718200),(901520,902600)]
close(id2,id4,34)=true,[(673720,675040),(692440,694240),(755320,755480)]
close(id2,id3,25)=true,[(207560,208200),(208320,208360),(208400,209360),(536400,538840),(814160,815680)]
close(id0,id1,25)=true,[(782400,790360),(811440,814240),(817920,818360),(818960,819520),(824920,835040)]
close(id7,id9,25)=true,[(939960,942440)]
close(id0,id2,34)=true,[(790880,793120),(812600,817920),(818080,818960),(819120,819240),(819440,819480),(820560,820600),(822640,822680),(823760,823960)]
close(id3,id7,34)=true,[(765440,766880)]
close(id5,id7,34)=true,[(763360,764360)]
close(id3,id7,30)=true,[(765600,766720)]
close(id0,id2,30)=true,[(791520,793040),(814040,816840),(817600,817840),(823800,823960)]
close(id0,id2,25)=true,[(791680,792440),(792520,792880),(814440,815680),(815840,815960),(816000,816200),(816560,816640)]
close(id6,id7,25)=true,[(764200,765640),(854800,856520),(856560,856680),(857000,857320),(972960,973800)]
close(id3,id5,30)=true,[(717400,718200)]
close(id1,id6,25)=true,[(974080,977360)]
close(id2,id6,34)=true,[(936880,939520),(966680,967640),(967920,968560),(968600,968800),(968840,970240)]
close(id1,id3,25)=true,[(757960,760800),(760960,761600),(762080,762560),(814160,814200),(814600,814640),(814680,814800),(815200,815400),(815800,815920)]
close(id1,id2,25)=true,[(24440,61480),(486440,489200),(707520,708840),(708920,713920),(730320,734480),(735800,735840),(736040,736080),(736160,751240),(812600,814360),(1001280,1006280)]
close(id5,id6,30)=true,[(570760,573440),(714920,718200),(757480,764280),(934480,935600)]
close(id3,id4,30)=true,[(517360,517920),(645520,646280),(650160,650200),(717800,718200),(875840,880640),(885360,886160),(1000240,1006840)]
close(id2,id6,24)=true,[(937800,939080),(967120,967440),(968960,969800)]
close(id1,id3,24)=true,[(757960,760720),(760960,761560),(762280,762320),(762360,762440),(814160,814200),(814600,814640),(814720,814760),(815200,815240),(815320,815400)]
close(id5,id7,24)=true,[(763600,764360)]
close(id3,id6,34)=true,[(717400,717720),(718160,718200)]
close(id3,id4,24)=true,[(517360,517440),(645520,645640),(717800,718200),(876040,876080),(876120,880520),(885680,886160),(1005360,1006840)]
close(id4,id6,24)=true,[(554600,556520),(901640,902480)]
close(id5,id9,24)=true,[(938080,938400)]
close(id5,id6,24)=true,[(570960,573440),(714920,717880),(757680,757880),(758240,758440),(758600,760360),(760880,761120),(761360,761400),(761440,761840),(761880,762520),(762560,763960),(934640,935440)]
close(id2,id6,30)=true,[(937400,939240),(966840,967000),(967080,967640),(968040,968280),(968720,968800),(968840,970040)]
close(id4,id5,34)=true,[(2520,24440),(323440,330280),(532360,533760),(717800,718200),(758640,759480),(895400,895600),(895920,896040),(896560,897200),(897320,898880),(928280,928520),(928920,928960),(929360,929440),(929480,929960),(930040,930160),(930280,931880)]
close(id3,id5,25)=true,[(717400,717800),(717920,718000),(718160,718200)]
close(id5,id7,30)=true,[(763520,764360)]
close(id3,id5,34)=true,[(717400,718200)]
close(id4,id5,25)=true,[(2520,24440),(323440,330280),(532680,533760),(717800,718000),(759000,759480),(896760,896800),(897480,898480),(930520,931480)]
close(id3,id4,25)=true,[(517360,517480),(645520,645680),(717800,718200),(876040,880520),(885560,886160),(1001480,1002400),(1002440,1003640),(1005000,1006840)]
close(id3,id5,24)=true,[(717400,717520),(718160,718200)]
close(id1,id2,24)=true,[(24440,61400),(486440,489040),(489080,489120),(707600,708400),(708480,708840),(709000,713920),(730360,733760),(733800,733920),(733960,734040),(734080,734280),(736200,751240),(813960,814000),(814040,814240),(1001280,1006280)]
close(id0,id2,24)=true,[(791720,792160),(792200,792360),(792400,792440),(792520,792840),(814480,814640),(814680,815560),(815840,815880)]
close(id0,id3,30)=true,[(814720,816840),(817200,817240),(817320,817360)]
close(id0,id3,34)=true,[(814480,817440)]
close(id1,id6,24)=true,[(974200,977360)]
close(id1,id2,30)=true,[(24440,62760),(110040,110080),(486440,490120),(491240,491360),(496800,496840),(497600,497640),(707280,713920),(729960,734880),(735600,751240),(812600,814800),(1001080,1006280)]
close(id6,id7,30)=true,[(764120,766000),(854600,857880),(857920,857960),(972840,973920)]
close(id4,id6,25)=true,[(554600,556600),(718160,718200),(901600,902520)]
close(id1,id6,30)=true,[(973880,977360)]
close(id4,id6,34)=true,[(554600,556920),(717800,718200),(901440,902760)]
close(id2,id3,34)=true,[(207560,209360),(536400,538840),(814160,816360),(816400,816720)]
close(id7,id9,24)=true,[(939960,942400)]
close(id6,id7,34)=true,[(764080,766080),(854480,858000),(972800,974080),(974320,974360)]
close(id5,id6,34)=true,[(570640,573440),(714920,718200),(757480,764360),(934440,935760),(935840,935880)]
close(id7,id9,30)=true,[(939960,942640)]
close(id0,id1,30)=true,[(782080,790640),(811440,815040),(816800,817200),(817440,819680),(820120,820880),(821640,821920),(822320,822600),(824920,835360)]
close(id0,id1,34)=true,[(781960,790680),(811440,816120),(816320,816360),(816400,819880),(819920,820920),(821120,821280),(821320,821400),(821440,822000),(822280,822720),(822840,823040),(824920,835600)]
close(id1,id3,30)=true,[(757720,763040),(814160,816120),(816240,816640),(816880,817160)]
close(id4,id5,24)=true,[(2520,24440),(323440,330280),(532760,533760),(717920,718000),(759000,759480),(897480,897520),(897560,898480),(930520,931400)]
close(id2,id3,24)=true,[(207560,208160),(208400,209360),(536400,538840),(814160,815560)]
close(id1,id7,34)=true,[(971720,971840),(972600,973560)]
close(id5,id9,34)=true,[(938080,938400)]
closeSymmetric(id2,id4,30)=true,[(673720,674880),(692640,694240)]
closeSymmetric(id4,id5,30)=true,[(2520,24440),(323440,330280),(532520,533760),(717800,718200),(758800,759480),(896680,896920),(897400,898640),(929640,929880),(930360,931840)]
closeSymmetric(id2,id3,30)=true,[(207560,209360),(536400,538840),(814160,815920)]
closeSymmetric(id5,id9,30)=true,[(938080,938400)]
closeSymmetric(id4,id6,30)=true,[(554600,556800),(717800,718200),(901520,902600)]
closeSymmetric(id3,id7,30)=true,[(765600,766720)]
closeSymmetric(id0,id2,30)=true,[(791520,793040),(814040,816840),(817600,817840),(823800,823960)]
closeSymmetric(id3,id5,30)=true,[(717400,718200)]
closeSymmetric(id5,id6,30)=true,[(570760,573440),(714920,718200),(757480,764280),(934480,935600)]
closeSymmetric(id3,id4,30)=true,[(517360,517920),(645520,646280),(650160,650200),(717800,718200),(875840,880640),(885360,886160),(1000240,1006840)]
closeSymmetric(id5,id7,30)=true,[(763520,764360)]
closeSymmetric(id2,id6,30)=true,[(937400,939240),(966840,967000),(967080,967640),(968040,968280),(968720,968800),(968840,970040)]
closeSymmetric(id0,id3,30)=true,[(814720,816840),(817200,817240),(817320,817360)]
closeSymmetric(id1,id2,30)=true,[(24440,62760),(110040,110080),(486440,490120),(491240,491360),(496800,496840),(497600,497640),(707280,713920),(729960,734880),(735600,751240),(812600,814800),(1001080,1006280)]
closeSymmetric(id6,id7,30)=true,[(764120,766000),(854600,857880),(857920,857960),(972840,973920)]
closeSymmetric(id1,id6,30)=true,[(973880,977360)]
closeSymmetric(id7,id9,30)=true,[(939960,942640)]
closeSymmetric(id0,id1,30)=true,[(782080,790640),(811440,815040),(816800,817200),(817440,819680),(820120,820880),(821640,821920),(822320,822600),(824920,835360)]
closeSymmetric(id1,id3,30)=true,[(757720,763040),(814160,816120),(816240,816640),(816880,817160)]
greeting1(id1,id2)=true,[(27000,61280),(707520,708440),(730320,732560),(745040,751240)]
greeting1(id4,id5)=true,[(6800,24440)]
greeting1(id2,id6)=true,[(937760,939080)]
greeting1(id3,id4)=true,[(1001480,1002400),(1002440,1003640)]
greeting1(id0,id1)=true,[(783000,784280),(789240,789960),(831720,834920)]
greeting1(id1,id6)=true,[(974320,977360)]
leaving_object(id2,id4)=true,[(673760,694240)]
leaving_object(id3,id4)=true,[(517400,533760)]
leaving_object(id4,id6)=true,[(554640,573440)]
fighting(id1,id2)=true,[(1001480,1004280)]
fighting(id4,id5)=true,[(897480,897520),(897560,898480),(930520,931400)]
fighting(id2,id6)=true,[(967120,967440),(968960,969800)]
fighting(id3,id4)=true,[(876040,876080),(876120,880360)]
fighting(id6,id7)=true,[(854840,856240),(856280,856520)]

person(id0)=true,[(1007720,1014200),(1031480,1033280),(1073680,1080560),(1114360,1123960),(1156080,1157160),(1188440,1196400),(1222360,1228400),(1255720,1261880),(1287040,1330000),(1330040,1331280),(1369480,1377440),(1405920,1429680),(1453200,1460240),(1493480,1502840),(1544440,1553520),(1588040,1594320),(1629720,1646200),(1664240,1669120),(1725920,1730040),(1758280,1759360),(1783200,1811400),(1818120,1830960),(1831960,1848240),(1850000,1852840),(1871160,1877160),(1893200,1895120),(1926160,1928400),(1964520,1966480),(1996640,2002880)]
person(id3)=true,[(997720,1040760),(1103040,1114320),(1127720,1156040),(1166000,1188400),(1214600,1217440),(1332120,1339040),(1516880,1530320),(1543440,1550840),(1618400,1626760),(1724440,1725200),(1761000,1775600),(1811200,1817160),(1821200,1830880),(1867240,1871120),(1876240,1893160),(1894600,1896600),(1927360,1929560),(1987200,1996600),(2004720,inf)]
person(id9)=true,[(938120,1926120),(1945120,inf)]
person(id5)=true,[(1009560,1031440),(1063480,1073640),(1330480,1337280),(1380840,1405880),(1535240,1543400),(1573320,1588000),(1621960,1629680),(1721840,1725200),(1763480,1771360),(1871160,1879160),(1897760,1921560),(1931240,1945400)]
person(id6)=true,[(1620840,1629680),(1721960,1725200),(1764520,1773320),(1856080,1868680),(1892640,1893160),(1906680,1917240),(1939560,1950240),(1970520,1984360)]
person(id1)=true,[(1016480,1027480),(1031480,1073640),(1086560,1090600),(1114360,1124080),(1156080,1165240),(1196440,1222320),(1226560,1244840),(1261400,1287000),(1339160,1369440),(1373120,1381480),(1406720,1416080),(1453200,1472840),(1493480,1514120),(1543440,1546160),(1592720,1639840),(1669360,1671360),(1706720,1721800),(1730120,1758240),(1760360,1801920),(1818480,1830080),(1831960,1846720),(1849120,1851080),(1894160,1905360),(1926160,1938400),(1964520,1986160),(2004000,2013680)]
person(id8)=true,[(1782720,1783160),(1916960,1925320),(1944280,1946600)]
person(id2)=true,[(1031480,1073640),(1090480,1103000),(1114360,1156040),(1162880,1165960),(1213160,1216360),(1244880,1255680),(1262680,1283040),(1369480,1372520),(1424600,1453160),(1472400,1493440),(1505280,1516840),(1543440,1545840),(1594720,1615800),(1671400,1706680),(1710080,1720920),(1731960,1758240),(1758320,1763680),(1794000,1806160),(1819640,1831920),(1848280,1849080),(1927680,1992840),(2002160,2013280)]
person(id4)=true,[(989640,1031440),(1043280,1056840),(1080600,1087240),(1196800,1196880),(1330040,1339120),(1552960,1569000),(1620680,1623240),(1644480,1664000),(1724840,1725200),(1762360,1766480),(1809200,1893160),(1898720,1910320),(1930360,1955200),(1996640,inf)]
person(id7)=true,[(1581280,1586400),(1770400,1783160),(1849120,1871120),(1910920,1912360),(1947000,1958320),(1978040,1988520)]
close(id3,id4,34)=false,[(1006840,1524360),(1525040,1652520),(1655040,1655160),(1655480,1655560),(1655640,1655680),(1658120,1724800),(1725200,1882720),(1887720,1892120),(1893160,2006840),(2013840,inf)]
close(id7,id9,34)=false,[(942760,1946960),(1949760,inf)]
close(id1,id6,34)=false,[(977360,1980760),(1984360,inf)]
close(id1,id3,34)=false,[(817400,1764480),(1770440,1821160),(1824400,inf)]
close(id1,id2,34)=false,[(1006280,1031440),(1070080,1116680),(1117560,1493440),(1497440,1497760),(1497880,1498000),(1498520,1499200),(1499840,1503320),(1505080,1506160),(1507760,1714160),(1720920,1736880),(1758240,1819600),(1821920,2007960),(2013280,inf)]
close(id2,id4,34)=false,[(755480,1680720),(1682040,1699440),(1701240,1762320),(1762480,inf)]
close(id0,id2,34)=false,[(823960,1797880),(1800120,1819600),(1824920,1825080),(1825960,1826120),(1826240,1826440),(1826480,1827560),(1827600,1829640),(1829680,1830760),(1830960,inf)]
close(id5,id7,34)=false,[(764360,1770360),(1771360,inf)]
close(id3,id7,34)=false,[(766880,1772440),(1773880,inf)]
close(id2,id6,34)=false,[(970240,1943880),(1946520,1973680),(1974640,1974920),(1975560,1975600),(1975800,1975840),(1977240,inf)]
close(id3,id6,34)=false,[(718200,1724400),(1724720,1725160),(1725200,inf)]
close(id4,id5,34)=false,[(931880,1009520),(1031440,1330440),(1337280,1539360),(1540760,1724800),(1725200,1765640),(1766480,1902400),(1902600,1902920),(1903040,1903560),(1904200,1904320),(1905880,1935280),(1935520,1935920),(1935960,1936360),(1936440,1936480),(1936960,1937040),(1937160,1937280),(1938880,inf)]
close(id3,id5,34)=false,[(718200,1724400),(1725200,inf)]
close(id0,id3,34)=false,[(817440,1821480),(1824440,inf)]
close(id4,id6,34)=false,[(902760,1561600),(1563920,1724800),(1725200,1908440),(1909760,inf)]
close(id2,id3,34)=false,[(816720,1214560),(1216360,1543400),(1545840,1821160),(1823360,1823400),(1823720,inf)]
close(id6,id7,34)=false,[(974360,1771080),(1773080,1861480),(1865000,1979800),(1981080,1981320),(1981360,inf)]
close(id5,id6,34)=false,[(935880,1577640),(1580440,1721920),(1725200,1764480),(1771360,1941440),(1942760,1942840),(1942880,inf)]
close(id0,id1,34)=false,[(835600,1788960),(1797680,1818440),(1823120,1823320),(1823360,1823400),(1826880,1826920),(1827920,1828120),(1828280,1828320),(1828400,1828440),(1829000,1829280),(1829720,1829840),(1830040,1831920),(1842600,inf)]
close(id1,id7,34)=false,[(973560,1978720),(1978840,1979600),(1980560,inf)]
close(id5,id9,34)=false,[(938400,1945080),(1945400,inf)]
meeting(id1,id2)=true,[(1034040,1070120),(1714560,1720960),(1737360,1758280)]
meeting(id4,id5)=true,[(1013840,1031480)]
meeting(id2,id6)=true,[(1944800,1946560)]
meeting(id3,id4)=true,[(2008520,2013880)]
meeting(id0,id1)=true,[(1790040,1797720),(1838760,1842640)]
meeting(id1,id6)=true,[(1981360,1984400)]
activeOrInactivePerson(id0)=true,[(1011040,1012080),(1075880,1078080),(1117320,1118680),(1188400,1191200),(1223480,1224640),(1294040,1301240),(1310400,1330000),(1411080,1413720),(1418120,1429680),(1453160,1456360),(1495720,1498480),(1544400,1550600),(1589640,1592240),(1633320,1634800),(1636040,1636800),(1640040,1642720),(1665600,1667280),(1725880,1726160),(1790000,1791280),(1796240,1796960),(1801600,1804640),(1838720,1841920),(1872600,1874400),(1928120,1928400),(1999200,1999920)]
activeOrInactivePerson(id3)=true,[(1036560,1038440),(1139240,1144560),(1151200,1153040),(1175960,1184040),(1335160,1336240),(1618360,1619280),(1867200,1871120),(2008120,2011760)]
activeOrInactivePerson(id9)=true,[(1950160,1953240)]
activeOrInactivePerson(id5)=true,[(1013200,1024760),(1026040,1031440),(1391960,1403640),(1626640,1629680),(1906720,1914640)]
activeOrInactivePerson(id6)=true,[(1892600,1893160)]
activeOrInactivePerson(id1)=true,[(1034000,1068280),(1159360,1161960),(1209400,1214800),(1233440,1236920),(1266920,1275520),(1277440,1279040),(1281600,1287000),(1348160,1360040),(1373080,1375120),(1453160,1460880),(1465080,1472840),(1503560,1505040),(1506400,1510240),(1669320,1670200),(1670560,1671360),(1714400,1715440),(1736520,1739560),(1752040,1758240),(1838440,1841360),(1894120,1895840),(1926120,1928720),(1964480,1967920),(1975920,1986160)]
activeOrInactivePerson(id2)=true,[(1034000,1073640),(1116240,1151520),(1155120,1156040),(1279320,1280160),(1434320,1453160),(1479920,1491160),(1505240,1510920),(1671360,1671680),(1679120,1680760),(1682560,1686320),(1690120,1694960),(1700320,1701840),(1714480,1715360),(1737480,1739600),(1752040,1758240),(1927640,1964480),(1979040,1984160),(2008480,2011280)]
activeOrInactivePerson(id4)=true,[(1013800,1031440),(1651480,1654120),(1656320,1657000),(1934920,1939520),(1939680,1955200),(1998640,2002600),(2005520,2013840)]
activeOrInactivePerson(id7)=true,[(1777400,1783160),(1850640,1852240),(1853800,1855040)]
moving(id7,id9)=true,[(1946960,1949760)]
moving(id3,id7)=true,[(1772440,1773880)]
moving(id1,id2)=true,[(1031440,1034000),(1493440,1497440),(1497760,1497880),(1498000,1498520),(1499200,1499840),(1503320,1503560),(1505040,1505080),(1714160,1714400),(1715440,1720920),(1739600,1752040),(1819600,1821920),(2007960,2008480)]
moving(id0,id2)=true,[(1797880,1800120),(1819600,1824920),(1825080,1825960),(1826120,1826240),(1826440,1826480),(1827560,1827600),(1829640,1829680),(1830760,1830960)]
moving(id1,id3)=true,[(1764480,1770440),(1821160,1824400)]
moving(id2,id3)=true,[(1214560,1216360),(1543400,1545840),(1821160,1823360),(1823400,1823720)]
moving(id4,id5)=true,[(1009520,1013200),(1330440,1337280),(1724800,1725200),(1765640,1766480),(1902400,1902520)]
moving(id2,id4)=true,[(1762320,1762480)]
moving(id2,id6)=true,[(1973680,1973840)]
moving(id5,id7)=true,[(1770360,1771360)]
moving(id3,id5)=true,[(1724400,1725200)]
moving(id3,id4)=true,[(1724800,1725200),(1892120,1893160)]
moving(id4,id6)=true,[(1724800,1725200)]
moving(id0,id1)=true,[(1788960,1790000),(1791280,1796240),(1796960,1797680),(1818440,1823120),(1823320,1823360),(1823400,1826880),(1826920,1827920),(1828120,1828280),(1828320,1828400),(1828440,1829000),(1829280,1829720),(1829840,1830040),(1831920,1838440),(1841920,1842600)]
moving(id3,id6)=true,[(1724400,1724720),(1725160,1725200)]
moving(id5,id6)=true,[(1721920,1725200),(1764480,1771360)]
moving(id0,id3)=true,[(1821480,1824440)]
moving(id6,id7)=true,[(1771080,1773080),(1861480,1861840),(1981320,1981360)]
close(id2,id6,25)=true,[(1944760,1946080),(1974120,1974440),(1975920,1976800)]
close(id2,id4,25)=true,[(1680720,1681320),(1699840,1701240)]
close(id5,id6,25)=true,[(1577920,1580440),(1721920,1725000),(1764680,1764960),(1765040,1765440),(1765480,1767440),(1767600,1767680),(1767840,1768120),(1768200,1771000),(1941560,1942440)]
close(id6,id7,24)=true,[(1771240,1772640),(1861840,1863240),(1863280,1863520),(1864000,1864320),(1979960,1980800)]
close(id3,id4,34)=true,[(1524360,1525040),(1652520,1655040),(1655160,1655480),(1655560,1655640),(1655680,1658120),(1724800,1725200),(1882720,1887720),(1892120,1893160),(2006840,2013840)]
close(id7,id9,34)=true,[(1946960,1949760)]
close(id0,id1,24)=true,[(1789400,1797240),(1818440,1821160),(1825000,1825360),(1825960,1826280),(1826320,1826360),(1831920,1841920),(1841960,1842000)]
close(id5,id7,25)=true,[(1770600,1771360)]
close(id2,id4,30)=true,[(1680720,1681880),(1699640,1701240)]
close(id1,id6,34)=true,[(1980760,1984360)]
close(id2,id3,30)=true,[(1214560,1216360),(1543400,1545840),(1821160,1822920)]
close(id5,id9,25)=true,[(1945080,1945400)]
close(id1,id3,34)=true,[(1764480,1770440),(1821160,1824400)]
close(id4,id5,30)=true,[(1009520,1031440),(1330440,1337280),(1539520,1540760),(1724800,1725200),(1765800,1766480),(1903680,1903920),(1904400,1905640),(1936640,1936880),(1937360,1938840)]
close(id2,id4,24)=true,[(1680720,1681200),(1699920,1701240)]
close(id1,id2,34)=true,[(1031440,1070080),(1116680,1117560),(1493440,1497440),(1497760,1497880),(1498000,1498520),(1499200,1499840),(1503320,1505080),(1506160,1507760),(1714160,1720920),(1736880,1758240),(1819600,1821920),(2007960,2013280)]
close(id4,id6,30)=true,[(1561600,1563800),(1724800,1725200),(1908520,1909600)]
close(id5,id9,30)=true,[(1945080,1945400)]
close(id2,id4,34)=true,[(1680720,1682040),(1699440,1701240),(1762320,1762480)]
close(id0,id1,25)=true,[(1789400,1797360),(1818440,1821240),(1824920,1825360),(1825960,1826520),(1831920,1842040)]
close(id2,id3,25)=true,[(1214560,1215200),(1215320,1215360),(1215400,1216360),(1543400,1545840),(1821160,1822680)]
close(id7,id9,25)=true,[(1946960,1949440)]
close(id0,id2,34)=true,[(1797880,1800120),(1819600,1824920),(1825080,1825960),(1826120,1826240),(1826440,1826480),(1827560,1827600),(1829640,1829680),(1830760,1830960)]
close(id3,id7,34)=true,[(1772440,1773880)]
close(id5,id7,34)=true,[(1770360,1771360)]
close(id3,id7,30)=true,[(1772600,1773720)]
close(id0,id2,30)=true,[(1798520,1800040),(1821040,1823840),(1824600,1824840),(1830800,1830960)]
close(id0,id2,25)=true,[(1798680,1799440),(1799520,1799880),(1821440,1822680),(1822840,1822960),(1823000,1823200),(1823560,1823640)]
close(id6,id7,25)=true,[(1771200,1772640),(1861800,1863520),(1863560,1863680),(1864000,1864320),(1979960,1980800)]
close(id3,id5,30)=true,[(1724400,1725200)]
close(id1,id6,25)=true,[(1981080,1984360)]
close(id2,id6,34)=true,[(1943880,1946520),(1973680,1974640),(1974920,1975560),(1975600,1975800),(1975840,1977240)]
close(id1,id3,25)=true,[(1764960,1767800),(1767960,1768600),(1769080,1769560),(1821160,1821200),(1821600,1821640),(1821680,1821800),(1822200,1822400),(1822800,1822920)]
close(id1,id2,25)=true,[(1031440,1068480),(1493440,1496200),(1714520,1715840),(1715920,1720920),(1737320,1741480),(1742800,1742840),(1743040,1743080),(1743160,1758240),(1819600,1821360),(2008280,2013280)]
close(id5,id6,30)=true,[(1577760,1580440),(1721920,1725200),(1764480,1771280),(1941480,1942600)]
close(id3,id4,30)=true,[(1524360,1524920),(1652520,1653280),(1657160,1657200),(1724800,1725200),(1882840,1887640),(1892360,1893160),(2007240,2013840)]
close(id2,id6,24)=true,[(1944800,1946080),(1974120,1974440),(1975960,1976800)]
close(id1,id3,24)=true,[(1764960,1767720),(1767960,1768560),(1769280,1769320),(1769360,1769440),(1821160,1821200),(1821600,1821640),(1821720,1821760),(1822200,1822240),(1822320,1822400)]
close(id5,id7,24)=true,[(1770600,1771360)]
close(id3,id6,34)=true,[(1724400,1724720),(1725160,1725200)]
close(id3,id4,24)=true,[(1524360,1524440),(1652520,1652640),(1724800,1725200),(1883040,1883080),(1883120,1887520),(1892680,1893160),(2012360,2013840)]
close(id4,id6,24)=true,[(1561600,1563520),(1908640,1909480)]
close(id5,id9,24)=true,[(1945080,1945400)]
close(id5,id6,24)=true,[(1577960,1580440),(1721920,1724880),(1764680,1764880),(1765240,1765440),(1765600,1767360),(1767880,1768120),(1768360,1768400),(1768440,1768840),(1768880,1769520),(1769560,1770960),(1941640,1942440)]
close(id2,id6,30)=true,[(1944400,1946240),(1973840,1974000),(1974080,1974640),(1975040,1975280),(1975720,1975800),(1975840,1977040)]
close(id4,id5,34)=true,[(1009520,1031440),(1330440,1337280),(1539360,1540760),(1724800,1725200),(1765640,1766480),(1902400,1902600),(1902920,1903040),(1903560,1904200),(1904320,1905880),(1935280,1935520),(1935920,1935960),(1936360,1936440),(1936480,1936960),(1937040,1937160),(1937280,1938880)]
close(id5,id7,30)=true,[(1770520,1771360)]
close(id3,id5,25)=true,[(1724400,1724800),(1724920,1725000),(1725160,1725200)]
close(id3,id5,34)=true,[(1724400,1725200)]
close(id4,id5,25)=true,[(1009520,1031440),(1330440,1337280),(1539680,1540760),(1724800,1725000),(1766000,1766480),(1903760,1903800),(1904480,1905480),(1937520,1938480)]
close(id3,id4,25)=true,[(1524360,1524480),(1652520,1652680),(1724800,1725200),(1883040,1887520),(1892560,1893160),(2008480,2009400),(2009440,2010640),(2012000,2013840)]
close(id3,id5,24)=true,[(1724400,1724520),(1725160,1725200)]
close(id1,id2,24)=true,[(1031440,1068400),(1493440,1496040),(1496080,1496120),(1714600,1715400),(1715480,1715840),(1716000,1720920),(1737360,1740760),(1740800,1740920),(1740960,1741040),(1741080,1741280),(1743200,1758240),(1820960,1821000),(1821040,1821240),(2008280,2013280)]
close(id0,id2,24)=true,[(1798720,1799160),(1799200,1799360),(1799400,1799440),(1799520,1799840),(1821480,1821640),(1821680,1822560),(1822840,1822880)]
close(id0,id3,30)=true,[(1821720,1823840),(1824200,1824240),(1824320,1824360)]
close(id0,id3,34)=true,[(1821480,1824440)]
close(id1,id6,24)=true,[(1981200,1984360)]
close(id1,id2,30)=true,[(1031440,1069760),(1117040,1117080),(1493440,1497120),(1498240,1498360),(1503800,1503840),(1504600,1504640),(1714280,1720920),(1736960,1741880),(1742600,1758240),(1819600,1821800),(2008080,2013280)]
close(id6,id7,30)=true,[(1771120,1773000),(1861600,1864880),(1864920,1864960),(1979840,1980920)]
close(id4,id6,25)=true,[(1561600,1563600),(1725160,1725200),(1908600,1909520)]
close(id1,id6,30)=true,[(1980880,1984360)]
close(id4,id6,34)=true,[(1561600,1563920),(1724800,1725200),(1908440,1909760)]
close(id2,id3,34)=true,[(1214560,1216360),(1543400,1545840),(1821160,1823360),(1823400,1823720)]
close(id7,id9,24)=true,[(1946960,1949400)]
close(id6,id7,34)=true,[(1771080,1773080),(1861480,1865000),(1979800,1981080),(1981320,1981360)]
close(id5,id6,34)=true,[(1577640,1580440),(1721920,1725200),(1764480,1771360),(1941440,1942760),(1942840,1942880)]
close(id7,id9,30)=true,[(1946960,1949640)]
close(id0,id1,30)=true,[(1789080,1797640),(1818440,1822040),(1823800,1824200),(1824440,1826680),(1827120,1827880),(1828640,1828920),(1829320,1829600),(1831920,1842360)]
close(id0,id1,34)=true,[(1788960,1797680),(1818440,1823120),(1823320,1823360),(1823400,1826880),(1826920,1827920),(1828120,1828280),(1828320,1828400),(1828440,1829000),(1829280,1829720),(1829840,1830040),(1831920,1842600)]
close(id1,id3,30)=true,[(1764720,1770040),(1821160,1823120),(1823240,1823640),(1823880,1824160)]
close(id4,id5,24)=true,[(1009520,1031440),(1330440,1337280),(1539760,1540760),(1724920,1725000),(1766000,1766480),(1904480,1904520),(1904560,1905480),(1937520,1938400)]
close(id2,id3,24)=true,[(1214560,1215160),(1215400,1216360),(1543400,1545840),(1821160,1822560)]
close(id1,id7,34)=true,[(1978720,1978840),(1979600,1980560)]
close(id5,id9,34)=true,[(1945080,1945400)]
closeSymmetric(id2,id4,30)=true,[(1680720,1681880),(1699640,1701240)]
closeSymmetric(id4,id5,30)=true,[(1009520,1031440),(1330440,1337280),(1539520,1540760),(1724800,1725200),(1765800,1766480),(1903680,1903920),(1904400,1905640),(1936640,1936880),(1937360,1938840)]
closeSymmetric(id2,id3,30)=true,[(1214560,1216360),(1543400,1545840),(1821160,1822920)]
closeSymmetric(id4,id6,30)=true,[(1561600,1563800),(1724800,1725200),(1908520,1909600)]
closeSymmetric(id5,id9,30)=true,[(1945080,1945400)]
closeSymmetric(id3,id7,30)=true,[(1772600,1773720)]
closeSymmetric(id0,id2,30)=true,[(1798520,1800040),(1821040,1823840),(1824600,1824840),(1830800,1830960)]
closeSymmetric(id3,id5,30)=true,[(1724400,1725200)]
closeSymmetric(id5,id6,30)=true,[(1577760,1580440),(1721920,1725200),(1764480,1771280),(1941480,1942600)]
closeSymmetric(id3,id4,30)=true,[(1524360,1524920),(1652520,1653280),(1657160,1657200),(1724800,1725200),(1882840,1887640),(1892360,1893160),(2007240,2013840)]
closeSymmetric(id2,id6,30)=true,[(1944400,1946240),(1973840,1974000),(1974080,1974640),(1975040,1975280),(1975720,1975800),(1975840,1977040)]
closeSymmetric(id5,id7,30)=true,[(1770520,1771360)]
closeSymmetric(id0,id3,30)=true,[(1821720,1823840),(1824200,1824240),(1824320,1824360)]
closeSymmetric(id1,id2,30)=true,[(1031440,1069760),(1117040,1117080),(1493440,1497120),(1498240,1498360),(1503800,1503840),(1504600,1504640),(1714280,1720920),(1736960,1741880),(1742600,1758240),(1819600,1821800),(2008080,2013280)]
closeSymmetric(id6,id7,30)=true,[(1771120,1773000),(1861600,1864880),(1864920,1864960),(1979840,1980920)]
closeSymmetric(id1,id6,30)=true,[(1980880,1984360)]
closeSymmetric(id7,id9,30)=true,[(1946960,1949640)]
closeSymmetric(id1,id3,30)=true,[(1764720,1770040),(1821160,1823120),(1823240,1823640),(1823880,1824160)]
closeSymmetric(id0,id1,30)=true,[(1789080,1797640),(1818440,1822040),(1823800,1824200),(1824440,1826680),(1827120,1827880),(1828640,1828920),(1829320,1829600),(1831920,1842360)]
greeting1(id1,id2)=true,[(1034000,1068280),(1714520,1715440),(1737320,1739560),(1752040,1758240)]
greeting1(id4,id5)=true,[(1013800,1031440)]
greeting1(id2,id6)=true,[(1944760,1946080)]
greeting1(id3,id4)=true,[(2008480,2009400),(2009440,2010640)]
greeting1(id0,id1)=true,[(1790000,1791280),(1796240,1796960),(1838720,1841920)]
greeting1(id1,id6)=true,[(1981320,1984360)]
leaving_object(id2,id4)=true,[(1680760,1701240)]
leaving_object(id3,id4)=true,[(1524400,1540760)]
leaving_object(id4,id6)=true,[(1561640,1580440)]
fighting(id1,id2)=true,[(2008480,2011280)]
fighting(id4,id5)=true,[(1904480,1904520),(1904560,1905480),(1937520,1938400)]
fighting(id2,id6)=true,[(1974120,1974440),(1975960,1976800)]
fighting(id3,id4)=true,[(1883040,1883080),(1883120,1887360)]
fighting(id6,id7)=true,[(1861840,1863240),(1863280,1863520)]
